10+
myAge=18
Marks<-c(2 3 4 5 5 6)
Marks
